MOUNT
WRITE 79 198 4
READ 298571 530 0
WRITE 298571 146 35
WRITE 298717 141 166
READ 432655 383 0
WRITE 432655 19 216
WRITE 432674 502 153
READ 782584 841 0
WRITE 782584 574 92
WRITE 783158 648 222
READ 299786 26 0
WRITE 299786 776 96
WRITE 300562 44 220
READ 310850 313 0
WRITE 310850 584 90
WRITE 311434 247 158
WRITE 311681 282 43
READ 26710 185 0
WRITE 26710 484 68
WRITE 27194 909 104
READ 789973 498 0
WRITE 789973 652 61
READ 539476 770 0
WRITE 539476 712 67
READ 743715 603 0
WRITE 743715 85 40
WRITE 743800 388 202
READ 966380 911 0
SIGNALL
UNMOUNT
